2.014016159955193643e+02 1.920690120203354923e+02 2.880730247497558594e+01
2.035024449965533506e+02 2.168143056712431189e+02 3.099430274963378906e+01
2.066858387666590602e+02 2.397243554687500762e+02 3.596654129028320312e+01
2.067906802906710197e+02 2.594555735150506734e+02 4.257945632934570312e+01
2.031010027717142066e+02 2.811010023408778693e+02 5.375828552246093750e+01
1.909175253475414138e+02 3.018456369916131621e+02 6.896464538574218750e+01
1.744716170367072721e+02 3.154112131634881848e+02 8.511768341064453125e+01
1.591614044189453239e+02 3.278816269100415184e+02 1.101759490966796875e+02
1.584213229908662584e+02 3.308038972024357918e+02 1.395251922607421875e+02
1.707790139590992737e+02 3.217137001665902289e+02 1.619335937500000000e+02
1.938690975413603326e+02 3.088554299029183312e+02 1.763635406494140625e+02
2.179651719037225064e+02 2.936823866182215852e+02 1.831221466064453125e+02
2.319990381577436551e+02 2.713811540670956788e+02 1.888640289306640625e+02
2.389215892118567126e+02 2.464861320226333419e+02 1.903583374023437500e+02
2.415521527458640776e+02 2.248515254480698786e+02 1.938032836914062500e+02
2.422022751752068928e+02 2.024952013083065481e+02 1.966451110839843750e+02
2.392416561351104178e+02 1.790711949247472603e+02 1.979092864990234375e+02
1.289658104391658924e+02 1.786590153593175501e+02 6.440060424804687500e+01
1.165775207519531023e+02 1.742252810489430317e+02 7.559316253662109375e+01
1.082227196188533753e+02 1.718350841926126122e+02 9.038572692871093750e+01
1.051863679773667002e+02 1.720037708237591971e+02 1.035480422973632812e+02
1.056604975980870620e+02 1.737206183220358753e+02 1.130105819702148438e+02
1.148828195010914328e+02 1.670058166683421632e+02 1.565659027099609375e+02
1.189718241972081785e+02 1.622822513535443250e+02 1.657592010498046875e+02
1.274641883401309599e+02 1.582785818840475542e+02 1.775586700439453125e+02
1.415343577665441330e+02 1.588060469862994069e+02 1.886541595458984375e+02
1.580490437227137193e+02 1.642159800091911848e+02 1.950820770263671875e+02
1.122663588579962948e+02 1.968424044620289806e+02 1.364677429199218750e+02
1.044315082325654487e+02 2.142348429242302927e+02 1.404309082031250000e+02
9.651671034869021071e+01 2.304706127570657941e+02 1.435959625244140625e+02
9.490098374310656482e+01 2.432426832490809545e+02 1.456957092285156250e+02
1.205603948256548392e+02 2.523896932444853576e+02 1.242401351928710938e+02
1.160768025117761511e+02 2.535070250746783813e+02 1.318531036376953125e+02
1.158247181611902192e+02 2.553699343692555885e+02 1.397955474853515625e+02
1.198921787037568549e+02 2.534910464298024806e+02 1.464015655517578125e+02
1.257428714527803209e+02 2.507154245892693893e+02 1.513006439208984375e+02
1.283707178452435755e+02 1.973004975442325701e+02 7.949595642089843750e+01
1.198917464312384880e+02 1.930378736787683920e+02 8.908768463134765625e+01
1.204027697394875815e+02 1.931924111040900982e+02 1.002604980468750000e+02
1.263738735423368382e+02 1.969416341624540792e+02 1.097036895751953125e+02
1.241998206643497156e+02 2.007476084271599461e+02 1.003867645263671875e+02
1.242180533016429251e+02 2.014444857608571056e+02 8.898402404785156250e+01
1.351218960032743723e+02 1.934555492805032486e+02 1.540335693359375000e+02
1.335266328699448479e+02 1.859360993508731781e+02 1.637158050537109375e+02
1.376662057315602112e+02 1.839718761848001236e+02 1.751889801025390625e+02
1.482520656810087587e+02 1.886298518640854809e+02 1.820461273193359375e+02
1.406483920826631504e+02 1.927931225226907372e+02 1.745182647705078125e+02
1.360559442856732630e+02 1.946670856430951631e+02 1.630155944824218750e+02
1.388420101390165371e+02 2.788435054285387196e+02 1.039442672729492188e+02
1.240493280747357403e+02 2.735793678911995812e+02 1.178835144042968750e+02
1.176439524931065819e+02 2.701493935259651380e+02 1.326117095947265625e+02
1.196962203081916130e+02 2.714251841107537757e+02 1.395316467285156250e+02
1.209580932617187159e+02 2.703907250976563432e+02 1.454088439941406250e+02
1.323137765323414499e+02 2.728737138815488379e+02 1.573025054931640625e+02
1.507722684972426634e+02 2.763989888987822496e+02 1.624557037353515625e+02
1.386829492905560528e+02 2.862663810460708760e+02 1.566411895751953125e+02
1.321696059283088118e+02 2.914320530790442376e+02 1.484540710449218750e+02
1.287966297822839863e+02 2.921924204388787984e+02 1.393097076416015625e+02
1.279053764792049321e+02 2.921787112247243385e+02 1.283029632568359375e+02
1.313374350155100956e+02 2.868162625660617095e+02 1.181303176879882812e+02
1.385830248664406952e+02 2.780471205049403807e+02 1.070276870727539062e+02
1.256879110897288285e+02 2.776442888327206902e+02 1.281854705810546875e+02
1.259057995964498957e+02 2.770254598460478519e+02 1.385152740478515625e+02
1.297808911491842707e+02 2.782109054744945524e+02 1.471701049804687500e+02
1.502475205365349211e+02 2.772597978659238152e+02 1.617485198974609375e+02
1.305025778377757320e+02 2.817339419376149863e+02 1.468480834960937500e+02
1.291265309053308670e+02 2.818465798052620812e+02 1.379963684082031250e+02
1.280130200554342537e+02 2.831613675465304141e+02 1.288644409179687500e+02
